	AY657002	MK448687	MK448713	MK448780	MT303952	MT311967	MT311968	
AY657002	100	47.6176	64.9744	65.2797	96.1104	72.2062	87.2126
MK448687	47.6176	100	70.066	69.9641	45.797	42.9682	41.3534
MK448713	64.9744	70.066	100	99.4882	62.9395	43.574	57.4512
MK448780	65.2797	69.9641	99.4882	100	62.8378	43.473	57.3496
MT303952	96.1104	45.797	62.9395	62.8378	100	74.9594	85.6796
MT311967	72.2062	42.9682	43.574	43.473	74.9594	100	65.0761
MT311968	87.2126	41.3534	57.4512	57.3496	85.6796	65.0761	100
