	AY657002	MK448687	MK448713	MK448780	MT303952	MT311967	MT311968	
AY657002	100.00000000000000000000	47.61759960000000000000	64.97440920000000000000	65.27967600000000000000	96.11043780000000000000	72.20624320000000000000	87.21256250000000000000
MK448687	47.61759960000000000000	100.00000000000000000000	70.06603310000000000000	69.96410580000000000000	45.79702920000000000000	42.96815600000000000000	41.35344080000000000000
MK448713	64.97440920000000000000	70.06603310000000000000	100.00000000000000000000	99.48815950000000000000	62.93954940000000000000	43.57402160000000000000	57.45121030000000000000
MK448780	65.27967600000000000000	69.96410580000000000000	99.48815950000000000000	100.00000000000000000000	62.83781760000000000000	43.47302900000000000000	57.34963980000000000000
MT303952	96.11043780000000000000	45.79702920000000000000	62.93954940000000000000	62.83781760000000000000	100.00000000000000000000	74.95942000000000000000	85.67956400000000000000
MT311967	72.20624320000000000000	42.96815600000000000000	43.57402160000000000000	43.47302900000000000000	74.95942000000000000000	100.00000000000000000000	65.07613420000000000000
MT311968	87.21256250000000000000	41.35344080000000000000	57.45121030000000000000	57.34963980000000000000	85.67956400000000000000	65.07613420000000000000	100.00000000000000000000
